---
remote_config:
    updated_at: 2025-04-16T20:10:38.325472656+01:00
    last_notification_at: 2025-04-16T20:10:38.326596651+01:00
    last_ticker_at: 2025-04-16T20:10:38.326386559+01:00
    last_ticker_message: 36
